4324203
4330689
4339311
4338855
4329094
4333177
4329172
4350172
4331326
4335552
4331265
4334335
4344053
4342211
4335900
4347102
4332190
4349910
4335112
4327503
4341995
4348501
4331002
4334005
4330112
4325114
4346200
4337152
4342991
4332155
4351006
4338856
4329502
4326550
4339110
4344552
4330119
4345220
4328904
4341050
4349112
4336055
4324102
4333990
4347712
4335220
4349005
4331552
4341009
4340376
4334316
4341065
4344237
4331454
4352528
4335559
4341771
4348600
4342200
4332410
4342210
4337851
4344990
4326112
4328505
4332115
4339902
4341054
4329910
4331154
4345112
4324505
4335110
4340012
4336119
4347781
4333215
4349100
4325012
4338810
4330115
4341250
4333902
4346610
4327115
4349221
4331055
4343110
4335502
4329104
4340152
4336005
4344110
4331902
4324115
4349479
4330206
4338217
4336916
4339178
4324905
4325492
4333907
4338904
4340375
4325110
4334415
4342202
4349001
4331005
4341102
4324009
4333992
4347700
4335205
4349012
4331502
4341002
4330105
4345200
4328991
4341055
4349105
4336021
4347710
4333202
4349090
4325001
4338805
4330110
4341215
4333900
4346602
4327110
4349210
4331015
4343102
4335515
4329112
4340114
