541793
542289
100284451
100276081
100141414
542566
100283084
100284897
100281694
542617
542290
541996
542610
100280112
541882
541602
542310
542005
100275510
541995
542115
100282110
541662
100273390
541805
100281140
100275590
100302115
542012
100279912
541790
542618
100144452
100281119
100304210
542001
541952
541695
542110
100285512
100272205
100281190
100286612
100216654
100302251
542365
541656
100276643
100217036
541913
100282664
100273767
542672
542247
100194459
541612
100274455
100280012
541702
100278114
100282115
100273392
100304551
100216694
100281120
100275512
100286602
541810
100279915
100301140
100194411
100217452
100273305
100281156
100275510
100284452
100276012
100283014
542002
100281654
542152
100281261
100244160
100192336
103644415
100284704
100280879
100274291
100281146
100280145
542010
100279910
541785
100282660
541650
100284112
541990
100273760
541812
100275515
541950
100281115
541605
100285510
542112
100272200
100281195
100286615
100216650
100302255
542312
100275552
100284890
100281690
542612
100283080
100284891
100281692
542615
100144455
